10100001010000001101011001100111 
11000010101101011001000010111011 
01110111111011110010101111110000 
11000000110011110100111101001101 
10001000100010101100100111101011 
01100011010010101011001000010000 
10000010001110011011111111100010 
11001000100010110000010100111010 
11100100100011100001111011000111 
00010100100010011110110011111100 
11111011000111010010100111001111 
00101100110101000001001000100110 
10100000100011110001011111000000 
10100000101110111100110000010100 
00101011101101010001101111011000 
11100010111100001010111001111110 
01001110111011000111111100011001 
01101001111110000011110010000011 
10110110101010101010001111000000 
01100001101001000011111100111111 
01001000000111011000100011001001 
01010011000111001100100010110011 
11101001000001101101101001110000 
01001110101111010101100011001110 
01011011101010100111101101010001 
00000101000011111101001011101001 
10100001000111010111101111001000 
00000010011111111111010011010111 
01110011001000100100101000101001 
10100010100110110010110001000111 
10001001111110011000001100011001 
01011100101000001010001100101011 
11101001011111001000001000000111 
00000100010011101011101011110011 
10001110110100011111100000000100 
01010000010000011010100011100001 
00000110010000100000110111010100 
00101100100000000011011000011000 
11100101101111111001110001111101 
00010010011100000111100000111100 
11011011101101011011110100101111 
10111111110010010001000000011101 
11100010111011101010011101110010 
01000011111010110111101011110100 
11001111001011011110011010111111 
00100101010000100011010010001000 
00111111001000111001000111101001 
11010111111101100011110110011101 
11110111010101100010011101011001 
01100001110011000011010001101000 
00111010110010111101111001110010 
10110100110001001101000110001110 
00101010000010001101011101111010 
01011100010001000010001011100111 
01000100110000011110001110011010 
11010000100111111011011001010000 
01101010101001111100001010100011 
00101011000100010001011111101110 
10111000010101010110001000111110 
10101011000001100100100000111111 
00111000111100001011101111000100 
11111011010100010100101001111101 
11100100000111011000110010110100 
01111011110110110000110111001010 
00001000110011100101111000111001 
00110001001010001011011001111111 
11000100010111011111010100111101 
11110100010010110110001011110011 
10100000100000001100000010000100 
11001001011101010101011000000111 
10001100111001010010011100010110 
01010100111100101101000010010011 
01100011101101000010111001010110 
01111111101011100011100001100100 
11100010101000110101001111110001 
10010111101101001010100011100100 
01000100101101010100110011000111 
10110110010010100011001111001101 
01111101101101110101000101000100 
00011010110101000100100111001000 
00011100010101011010100110000101 
01101101111100000110010011010110 
10010110010110110100110101000101 
11110001011101010010000110101100 
10101010000011101000110011110100 
11000100100000101000111011000111 
00001011101011001011001010010011 
10110001101110110011001111101011 
00010010101101000100010101111000 
11010110110100111110101110101000 
01110110101101110011010011011101 
00001111101001100111001011000100 
00011000011111110001011011100001 
01001000011100111101001110010001 
01001000111010001000011111001111 
00011001011101010000111110101110 
01011110100100001000100110111010 
10111000011101110001001001000101 
10000001011011100100101010111101 
11000001001111011110111000011010 
10101100010101111010110101011011 
01010100011100101010110001111110 
10000101101001000001101010110110 
11100111100011110000100110110100 
01001011000101100111011100001110 
01001000111111011111110010001100 
10001110001110010100011000010100 
00101011100001110111000100101000 
00010010000011111000011101101010 
10110100011001111110110101010110 
01000101011001111011101011010000 
11101010010110100111011010001101 
11110100010101000000111101110000 
11101000101000001100110010011000 
10001111111011110111110111101101 
10001011001011010010010111001111 
10110010001100101111110010001110 
01111110001100100110001001110110 
01001100000110101101100000000011 
01111100101111100011111100010101 
01100101110010011010001001000101 
00100010001011100001111001011111 
11000100110100001101000110101101 
10001101011110001101101010011101 
11011001100111100000111111000001 
10011111000001000101000001010100 
10111011100111010011000101011011 
10000011011110100110010011111011 
10011001000110000111111001111110 
01011101010111111011000000000110 
11010111011110110011011111001110 
01010111101111111110011101010001 
10110010110011001001111010100010 
10111110000111000010111100100011 
11011000000000101100011000010000 
01011101101110101100100111101000 
01011100010111110001100111000000 
00000010111001101001011000011101 
11101000101000011010011001010110 
11000011100100010000010101111100 
10000100100111101000110000001111 
10111101000001111100100000011110 
10100011001010110101001110010010 
10011101010001001011101000011110 
01101101011011111010111101001001 
01001101011000100011000010010000 
00010010101110010100001111000100 
00100100011100100000010001101001 
00110000100100111000010010101001 
10101110101001000111110100111110 
11011011111000011001001011100100 
11110000111110000101111100001100 
11000001000010001110001110110100 
11010101100111001011001110110010 
10111000001110111010100110011101 
11010101010111001000011000011111 
01011110110110000000110101010011 
10000001011100001011000000101001 
01001111011001111111101100001011 
01001000100011110010000000110100 
11011001000000001000110001000110 
00111111010101100011111110010011 
10101001100111101110001001101101 
11101010110011111111110010011101 
10000010111100000001101001111010 
10011010111010101000000100001011 
10001101010100000000010100110100 
00110100110100011011001000101100 
01101000111000101101001000010011 
10111000011010011110100011100000 
00110001010001001101011001001111 
00100100110001100100001000010011 
00111111100001110011111101010100 
00011000100111010011110110011001 
00100100110110101101000110010101 
01001110110110110001101111101000 
00101000001110111000101011010000 
11111110110000000010010010110000 
00101001111101100001110101100011 
01110110111001111000110110101000 
11111010011100101101111100111001 
10011100111101000001000111110011 
01100000101100111000110111010011 
00110010111000000100100110000101 
01101011000100111001111010111101 
00100010101011010010010010010000 
10111111010010000100101110101011 
01101001110010010110010110010010 
10101100110100011010001111010101 
00111111110101100011110101000101 
11000000001011101110001010111001 
01010001001011011011111001010001 
00000001001010100010110111011001 
11011101000001011100110011100100 
11011101010100001110010111010110 
01001011011110000000010100101110 
10100001011000011001111101001001 
11100010111001010010011110011111 
11000110110000110000101101101001 
00000010100011110000010010110000 
00000100110011010011000100100011 
00101011111011101010011111001000 
01000001101011001001000001010111 
11000110101100010100001110010111 
01011100001000101101110100110000 
00011010011011110000101101111000 
10101011101100000010110000110111 
01100010110111111111111010011101 
01011011000001110101001110110101 
01101001010011000000000000001000 
00101011100100001111100101001101 
10111011100001110101110101011000 
10111000101111111110000110110000 
11001011101111011110000001101100 
11011110001001000101000000111111 
01101111001101100110111110110101 
10111001100001011110110000000111 
00011010001111101110111101001111 
11011010110110011100111100100101 
00111000010010000110100110010000 
01100111110110001101111110010101 
10010001101100010010110111111001 
00111101010001101100101010000000 
00011100100011110100001010101101 
01101011100011000110100010111101 
00111110101000010011000010011100 
00100001010101001000100100100010 
00010111100101101100100110100110 
01001111010101111011000011010000 
10100010000001100110011111010101 
10011001010101011011000000010110 
01001100110001111001000001001011 
10111010010011111110100010011110 
00000000110011101111001010101000 
00111001010111101110100111111010 
10000001000110010110110001010010 
01101001100001011000010010111011 
10001000001011010001100101001010 
00000010101100001101000100111100 
10110000110110001011111000100001 
00100001110111001101100001110101 
01101100001101101010011000110101 
11100000011010010110101010111111 
11010100101001101000001011011100 
01000110000101011001111001000001 
01101101101000101000101011001001 
00000000011010001110111101000000 
11111001000000000000101010111001 
10111001110011111111010111001101 
11001111000010000011010000000100 
00100110011010010110101110011011 
01001000001100001001001101111101 
11100011111000111000001011110100 
01010010000011100000000101101010 
01000100010001111010000010000001 
01100000001001110110111001001111 
11110111000100001000011000001101 
10100100001011010111010000011101 
11111001111010001111100100111000 
11100010000100100111000101111010 
11011010110001101001101011011101 
01100101110111110110001010110111 
10101010011100000101011100110000 
11101000011100101111000111110001 
11010000100110001101010100100110 
01010100111101111000000101101100 
10101101000110111110000010010110 
10000000011001101111001010000100 
00111111100111100111011101011010 
11110000110100101001100110110001 
11001010010111010011011110100111 
01110011010010001000000100101000 
10100011101100010001100101011010 
00100001111010101010011001101001 
00001010011111111101000001111101 
10000010110011101011010011110011 
01011100111101010111001111001101 
01011111100101110001110101101010 
00001000000011011001100101000101 
10001110101010110010110110001110 
01001100111000101001011000010100 
10110001001101100101010000011110 
01100011110001110110110010100101 
01011111100000110011111000111001 
00110110001010111011000111100010 
01110000000010001010111111110110 
11100111000100011100001001110110 
01010010110000100010000011011100 
11000100110001100110101011100111 
11111000111011011100100001101101 
11100011101000010101111101011110 
00111001000101101100001101011010 
01101011001110111001001101010001 
10000011110100010110110101000101 
00110100010100010011101001101110 
00010100000111001010110001110011 
00110010010001111111101111101001 
01010111101000100110100111111110 
01101011111101110101011111101000 
00111000011010001101111001001000 
11111110100010101000100010000111 
11010001111110001100010101010010 
00111111101011111011011011111010 
11110111101010111110111100011011 
01100111010110100110001011001110 
01100011111011101100000011011100 
00010100111100110010111011101111 
10010101010101101100010001010011 
11101110001100000011100101011101 
00111101101110100101100110000110 
01111100101010011101010111110100 
11010000111000110000101101011111 
10010101101010101001011101100010 
00111011111000110101001110001111 
10010010101000110100110100000100 
01100110001000100101100110101001 
11010100010110000101000101001011 
01010101011011000010111110011100 
01001111111111110001011000100111 
10101111010100111110001010001001 
11101111111101100011101000010001 
11111001001001100001101100100110 
11000101101101110101001101000111 
00110011001010000111110010000110 
10100001011001100100001000110000 
01110011101101100110110111001110 
10001101100000111110100101101011 
00010101100010101101010010101010 
10001101101110000100111111001011 
01101110011011101101110000100000 
00001101111001101000010101101100 
11101000111100110110000110001110 
10111100000111000111001100001010 
11001001101001100100000100100011 
11111101111111001101110100110000 
00011001011000011001000111101011 
01010011000011010001000100010101 
10101110001000010011010111101011 
00110011101010100100010111100101 
10010011000101111101000101111011 
00100101101001111000011001110000 
10010001010100011101011011110001 
11110110011010100111010111101010 
11100000100101110100001010111110 
01010001100111010011100101011001 
01101011101011000010110100101000 
01001000011010001100101111010010 
00111100000011100011100101010010 
10110011110111001000100101011111 
11010011001111110010000001010101 
10111010101100000100001000010110 
01100111010101110001101100010111 
01110101101000001010000001110100 
01010011101010000001001001010010 
00011110011010011001001111011000 
00100010000100001011000010100001 
10010000110101001010001100001110 
11101011010010000100110010001111 
11001100010100111110100110100001 
11001001010000010110100000101100 
01111100110100000010011110010010 
11010101111001