01101111111101011010110011100110 
00001100000000001110101000111010 
10111001010110100101000101110001 
00001110011110100011010111001100 
01000110001111111011001101101010 
10101101111111111100100010010001 
01001100100011001100010101100011 
00000110001111100111111110111011 
00101010001110110110010001000110 
11011010001111001001011001111101 
00110101101010000101001101001110 
11100010011000010110100010100111 
01101110001110100110110101000001 
01101110000011101011011010010101 
11100101000000000110000101011001 
00101100010001011101010011111111 
10000000010110010000010110011000 
10100111010011010100011000000010 
01111000000111111101100101000001 
10101111000100010100010110111110 
10000110101010001111001001001000 
10011101101010011011001000110010 
00100111101100111010000011110001 
10000000000010000010001001001111 
10010101000111110000000111010000 
11001011101110101010100001101000 
01101111101010000000000101001001 
11001100110010101000111001010110 
10111101100101110011000010101000 
01101100001011100101011011000110 
01000111010011001111100110011000 
10010010000101011101100110101010 
00110111101011011011111001101100 
11011010100111111000011010011000 
01010000000000001100010001101111 
10001110100100001001010010001010 
11011000100100110011000110111111 
11110010010100010000101001110011 
00111011011011101010000000010110 
11001100101000010100010001010111 
00000101011001001000000101000100 
01100001000110000010110001110110 
00111100001111111001101100011001 
10011101001110100100011010011111 
00010001111111001101101011010100 
11111011100100110000100011100011 
11100001111100101010110110000010 
00001001001001110000000111110110 
00101001100001110001101100110010 
10111111000111010000100000000011 
11100100000110101110001000011001 
01101010000101011110110111100101 
11110100110110011110101100010001 
10000010100101010001111010001100 
10011010000100001101111111110001 
00001110010011101000101000111011 
10110100011101101111111011001000 
11110101110000000010101110000101 
01100110100001000101111001010101 
01110101110101110111010001010100 
11100110001000011000011110101111 
00100101100000000111011000010110 
00111010110011001011000011011111 
10100101000010100011000110100001 
11110110101000101111110101101101 
11001111010001000001010100101011 
00111010001100010101011001101001 
00001010001001111100000110100111 
01011110111011000110001111010000 
00110111000110011111010101010011 
01110010100010011000010001000010 
10101010100111100111001111000111 
10011101110110001000110100000010 
10000001110000101001101100110000 
00011100110011111111000010100101 
01101001110110000000101110110000 
10111010110110011110111110010011 
01001000001001101001000010011001 
10000011110110111111001000010000 
11100100101110001110101010011100 
11100010001110010000101011010001 
10010011100111001100011110000010 
01101000001101111110111000010001 
00001111000110011000001011111000 
01010100011000100010111110100000 
00111010111011100010110110010011 
11110101110000000001000111000111 
01001111110101111001000010111111 
11101100110110001110011000101100 
00101000101111110100100011111100 
10001000110110111001011110001001 
11110001110010101101000110010000 
11100110000100111011010110110101 
10110110000111110111000011000101 
10110110100001000010010010011011 
11100111000110011010110011111010 
10001110001010101111110000001010 
01101000110011010110011111110101 
01010001110101000011111100001101 
00010001100001111001101110101010 
01111100111011011101100011101011 
10000100110010001101100111001110 
01010101000111100110111100000110 
00110111001101010111110000000100 
10011011101011000000001010111110 
10011000010001111000100100111100 
01011110100000110011001110100100 
11111011001111010000010010011000 
11000010101101011111001011011010 
01100100110111011001100011100110 
10010101110111011100111101100000 
00111010111000000000001100111101 
00100100111011100111101011000000 
00111000000110101011100100101000 
01011111010101010000100001011101 
01011011100101110101000001111111 
01100010100010001000100100111110 
10101110100010000001011111000110 
10011100101000001010110110110011 
10101100000001000100101010100101 
10110101011100111101011111110101 
11110010100101000110101111101111 
00010100011010101010010000011101 
01011101110000101010111100101101 
00001001001001000111101001110001 
01001111101111100010010111100100 
01101011001001110100010011101011 
01010011110000000001000101001011 
10011000001001010010110001001101 
01011100011000101110001000110101 
11010110010001100110010111111101 
01010110100000101011010101100010 
10110011111100011100110010010001 
10111111001000010111110100010000 
11011001001111111001010000100011 
01011100100001111001101111011011 
01011101011000100100101111110011 
00000011110110111100010000101110 
11101001100111001111010001100101 
11000010101011000101011101001111 
10000101101000111101111000111100 
10111100001110101001101000101101 
10100010000101100000000110100001 
10011100011110011110100000101101 
01101100010100101111110101111010 
01001100010111110110001010100011 
00010011100001000001000111110111 
00100101010011110101011001011010 
00110001101011101101011010011010 
10101111100110010010111100001101 
11011010110111001100000011010111 
11110001110001010000110100111111 
11000000001101011011000110000111 
11010100101000011110000110000001 
10111001000001101111101110101110 
11010100011000011101010000101100 
01011111111001010101111101100000 
10000000010011011110001000011010 
01001110010110101010100100111000 
01001001101100100111001000000111 
11110000000000000010000111011000 
00010110010101101001001000001101 
10000000100111100100111111110011 
11000011110011110101000100000011 
10101011111100001011011111100100 
10110011111010100010110010010101 
10100100010100001010100010101010 
00011101110100010001111110110010 
01000001111000100111111110001101 
10010001011010010100010101111110 
00011000010001000111101111010001 
00001101110001101110111110001101 
00010110100001111001001011001010 
00110001100111011001000000000111 
00001101110110100111110000001011 
01100111110110111011011001110110 
00000001001110110010011101001110 
11010111110000001000100100101110 
00000000111101101011000011111101 
01011111111001110010000000110110 
11010011011100100111001010100111 
10110101111101001011110001101101 
01001001101100110010000001001101 
00011011111000001110010000011011 
01000010000100110011001100100011 
00001011101011011000100100001110 
10010110010010001110011000110101 
01000000110010011100100000001100 
10000101110100010000111001001011 
00010110110101101001000011011011 
11101001001011100100111100100111 
01111000001011010001001111001111 
10110010110101110101000001010111 
01101110111110001011000101101010 
01101110101011011001100001011000 
11111000100001010111100010100000 
00010010100111001110001011000111 
01010001000110000101101000010001 
01110101001111100111011011100111 
10110001011100100111100100111110 
10110111001100000100110010101101 
10011000000100111101101001000110 
11110010010100011110110111011001 
01110101010011000011111000011001 
11101111110111111010000010111110 
10101001100100100111011011110110 
00011000010011010101000110111001 
11010001001000101000001100010011 
11101000111110100010111000111011 
11011010101100010111110110000110 
10011000011011011000010011000011 
00001000011110100010000011010110 
00001011010000101001110000111110 
01111000010000001001110111100010 
01101101110110010010110110110001 
11011100110010110001001000111011 
00001010011110001001000110001001 
10101001110000111001001011000001 
01101001001001001011001010101011 
10001011101101010001010000011110 
11010100001001011010001000011011 
00100010010011000101000001110111 
10001110101110111011011100001110 
10101111011100100011111100100011 
11101110001111001100010010000010 
10111011000100011001110010100011 
10100100111001000010010100011101 
10010010001001100110010110011001 
11001010111001110001110011101111 
00100111101101101100101111101010 
00011100111001010001110000101001 
11001001011101110011110001110100 
00111111111111110100010010100001 
10000101011111100101111010010111 
10111100111011100100010111000101 
00000100101010011100000001101101 
11101100001101010010100010000100 
00001101100111011011010101110101 
10000111000000000111110100000011 
00110101011010000001001000011110 
10100100011011000111010001001010 
11101001100001100000101000001010 
01100101110110011100011010000000 
01010001000101100010111011100011 
11000011101001010011001001111110 
11101000000100100010011011110110 
10000101110110000100001101111111 
01111100101100001010011010000110 
00111100011111110101100111110010 
01001010101110001001100000111011 
10100011110110011100011110100100 
11001101100000000011111101000010 
01100110010100110010111011001011 
11010111101111101010110101010101 
11000001111101110000110010111110 
11100101100101111100001001110000 
11110100101010111001010000001100 
10100111100101100110011000011100 
11111010010100111110101100111001 
11100001101010010110001101111011 
11011001011111011000100011011100 
01100110011001000111000010110110 
10101001110010110100010100110001 
11101011110010011110001111110000 
11010011001000111100011100100111 
01010111010011001001001101101101 
10101110101000001111001010010111 
10000011110111011110000010000101 
00111100001001010110010101011011 
11110011011010011000101110110000 
11001001111001100010010110100110 
01110000111100111001001100101001 
10100000000010100000101101011011 
00100010010100011011010001101000 
00001001110001001100001001111100 
10000001011101011010011011110010 
01011111010011100110000111001100 
01011100001011000000111101101011 
00001011101101101000101101000100 
10001101000100000011111110001111 
01001111010110011000010000010101 
10110010100011010100011000011111 
01100000011111000111111010100100 
01011100001110000010110000111000 
00110101100100001010001111100011 
01110011101100111011110111110111 
11100100101010101101000001110111 
01010001011110010011001011011101 
10101101100110010011100110011000 
10010001101100101001101100010010 
10001010111111100000110000100001 
01010000010010011001000000100101 
00000010011001001100000000101110 
11101010100011100011111000111010 
01011101000011100110100100010001 
01111101010000111111111100001100 
01011011000110001010100010010110 
00111110111111010011101010000001 
00000010101010000000010010010111 
01010001001101111000110100110111 
10010111110101011101101111111000 
10111000101001111001011000101101 
01010110111100001110010110000101 
10011110111101001011110001100100 
00001110000001010011000110110001 
00001010101100011001001110100011 
01111101101011000111110110010000 
11111100000010011001011100101100 
10000111011011110110101000100010 
01010100111001010000101011111001 
00010101111101101000011010001011 
10111001101111000101100000100000 
11111100111101011100010000011101 
01010010101111000000000011110000 
11111011111111000001111001111011 
00001111011111010000101011010110 
10111101000001110000001000110100 
00111100001100110111110011100011 
00100110101000000100010101011000 
11000110000011001011000111110110 
10001111011011101011010111100111 
10011001101111101001010011010000 
10100101001011111101110010110001 
01010011101100001111001101110000 
11000001111111101100110111000110 
00010011001011101110001000111000 
11101101000110110110011010011101 
01110101000100100101101101011100 
11101101001000001100000000111101 
00001110111101100101001111010110 
01101101011111100000101010011010 
10001000011010111110111001111000 
11011100100001001111110011111100 
10101001001111101100111011010101 
10011101011001000101001011000110 
01111001111110010001111000011101 
00110011100101011001111011100011 
11001110101110011011101000011101 
01010011001100101100101000010011 
11110011100011110101111010001101 
01000101001111110000100110000110 
11110001110010010101100100000111 
10010110111100101111101000011100 
10000000000011111100110101001000 
00110001000001011011011010101111 
00001011001101001010001011011110 
00101000111100000100010000100100 
01011100100101101011011010100100 
11010011010001000000011010101001 
10110011101001111010111110100011 
11011010001010001100110111100000 
00000111110011111001010011100001 
00111110101010101101100110101011 
00011000101000100110101110001101 
01010101011000111110101000000111 
01101001000110101100100101111110 
11011011110111101101101011010001 
10100000010000100011010101010000 
10000111010110011001000001111110 
10000010010010110001000111110011 
00110111110110100101111001001101 
10011110111011110101110010000001 
00001111110010001110001100110101 
10001100110011101011111100000010 
00001001100011101110101111000111 
00101100101101010110001101000101 
00010000010001011100101111111010 
10110110011101011101111111101001 
01010010100101110111100100011000 
00110010100011110100110011010000 
11101000111110110101110101101111 
00100000110001110111111000110110 
01001010001011001010011100001100 
01111001011001101001110111100010 
00100000010010110000011100001000 
11011000100001010001011110011001 
00000011100101000000111100111000 
00100011011000110100000111110000 
11011110110000100111111000100110 
10100001000110110111101010100110 
01101011000001001000101000110100 
10101010111010011110000101011000 
10110000010101001000111100011000 
01000100000001000100001100101011 
00010001100000000000011010000011 
10100011110111001000110111101100 
00000001100101100010110001010100 
00101100111101101111101010100100 
01001100011110111101001111100110 
11111101011000011010011110010000 
01010011010011111100111000000110 
11011000111010001100001101110000 
11000011100010010001101111100001 
01110111010100010110110110100011 
10110100000000010001111111100111 
11101001010110110100001000100011 
01101110100000000110110000000011 
01110110111010100000001010000110 
00011001101100001010101000001100 
01011010001110000010111000101010 
11001100100110011011101100001100 
01011010100001110011101000011111 
00000111010011000110011001011110 
10100111100010100101110111101011 
00111010011110110001101100100111 
00101110011001110110111101110111 
10111000101000010100100010110001 
00011111001000111100011001001101 
00110100001011110000100100000100 
01010111001001000111110101010111 
11101100101110110010101011100011 
00101011101000111110110011100110 
11101111111011110101110101001001 
01111010111110101111100100111001 
00011101101111010100010110000111 
11001100111111000001000111000100 
01001111111010000010011111000100 
00011100111111111110010010010011 
00011101010101010100101101010110 
10111000000111101010110011110001 
00010110000111111001001010101101 
00010110001111001000010101010101 
01110101111011011100101011001000 
10000111110100011111111111001001 
00111111001110011100001110110101 
01100010110000111011011100111100 
11111111111001110010001111100010 
10100011010101111110110100001000 
11110111101000110010011111001001 
00110000001110110100100011111000 
10110001110110110001010011000100 
00000100101000000000011001101110 
10010101011000101110100101001100 
00010101111100011110111001100011 
00110111011000111011110101101100 
11101001010101011011010001111010 
00011001001011011000001110100101 
11010001111110110101010001100000 
10001111101101110101100111100110 
01001000111011000001010101111110 
01110011011010100110100001001011 
00101110111110110010010101110101 
01100010001000101111001101010001 
11111011111101111000010000000010 
01101001001111001000110100010000 
00100101010100000000000001000001 
11100010000001000001101100011101 
01110010010111111111001110001101 
00001110001100001010011111000000 
01100110000101110001110011101100 
10100111001111011101010101101100 
10100100101111100011011110101101 
00101000011110100000110000000111 
10111100100101011111111011111101 
11010010001001010000001001111111 
11101011011100011111101000101001 
00001110011001100000111011100110 
01011100010101110100000110110100 
10010101010111110001011100101000 
00001011001111011110001100001100 
11101111110100100010001111010111 
00100100001100101000011110000101 
01110111001011000000001000010101 
10111001100100100011010100010011 
10001001100000100100100101000010 
01111100010110100000010010100000 
00111111000001111110001101111001 
10111101101010000111010101111010 
01111000101011110111011000110000 
00111010100001010010110101111011 
01010110110000100010111111101110 
00111000101111000111000011110011 
11110111111101001011010111010101 
11000001011101010111010001110000 
11010010010000101101001001110101 
11011010111000100001010111011110 
00110010010100111000011110111011 
01011110001110001101100100110111 
11101011101110011110110010111010 
11110010001111011100101001001110 
01001011110101001110110101101110 
10110010001101000111100001001101 
01111000010001011110010000100011 
00101011100000110000100101001100 
10011111001010100001101101001001 
10010011010111011100011001011001 
10010001100000000011001101000100 
00000000111011011000111010100011 
00010111111001110001011001011100 
11001101001100110001001101101110 
11100001111100010100110000111111 
10101111000101011101011010010111 
11001111000111010001110011010110 
11110010100011111110011011011010 
01100010110111010101100001110111 
01000101001000100100111010100000 
00101100101010001100001001000011 
01010101111011001101010011000101 
01011000101111011000000101000111 
00111001110100111001110001010010 
11110001111001101001111100011111 
00100101001110111010011111011010 
11111011000100110111100111000111 
10111001101001000100100110010000 
01010101100111001001111001011100 
01110000100110011100001010110011 
01010011100010100111101010000001 
11000011011010110101000101101001 
11000001101001011000000110011010 
00110101111011101011011000001100 
01000001010111010000100100011001 
11110101110001010000101001110000 
00111111001011010101000100001000 
01010100010010010111100010010000 
10000100101011010101110111010111 
10000101111100110110011001101011 
01011011000101000111101011010010 
11111000100011110000010110010100 
11111110000001101010110101100000 
11110110110100100111111010110011 
00100110110101111000110010001011 
10110101100001010111000100001101 
00001111011100110110011100101101 
01010101000011010010101101101111 
01111111111000101000101010110011 
00111110011000011001101110101100 
00001000101111110000101001000101 
10101010010111011101010100011001 
11100011100001111000110110100010 
10110011101100110010000100000011 
01111111101111010001010000100000 
01001000011100001000101100100010 
10011101111000010000010100111010 
00000111001100010111001000011111 
00111011010010011100110100001011 
10000101011010101001100011001111 
00100001111101010110001110001100 
10111111111110110101001001111001 
11100011010011001111110000111010 
10011011100010101111101111111010 
11110000000010011100111011001010 
11001111111011101011011010100101 
00110001111101000001001000110110 
10100100101011011010111100110011 
00100001011110011001111010011001 
01110011010110011010111101000101 
11001110101110011101101001010001 
10101011010111110110111001100010 
11010101100111100000110000110111 
01100010110101011110111100100101 
00111001010110011111111011110011 
10111010011101001001011011010000 
01001111100001001001001101111001 
00111010110101010011111011001101 
11011011000011000110000000001010 
11110010110000110101110000100110 
11100011110100010000111111111011 
10011101000101010110110111100010 
01100110101101111100011101010001 
10100111011100110110001101011001 
11000000111001010011101110100011 
10010000101001101111010100110111 
11101101111110011001011001001111 
11111100110101110101101100000111 
01110110000011011010111000011110 
10111101100111011101110101001001 
11110010110101000101111110111001 
01011011100111101001100011110101 
10001011000100110001010000110100 
01100001000101010011001001001101 
11001101010101100100110111111100 
00011010001100000100110101001101 
00110000100101101100110000111101 
11101011110110000010100011101010 
10111010011100010111011111100100 
00000110101001000010001001001110 
01001100111110011010001011100110 
11110010111111001101010110001010 
01010000011101101010100010100111 
01110101111111000100011110010100 
01110100010110101110110000111000 
01110011011001101001000000100001 
01110010010010111110111111101000 
10111111110010011000110100011001 
00010111010110100010001101110001 
00000001111110000110011000110100 
10000100010100111000101001100000 
11011100110000011010011001000000 
00110000011101011100100111000101 
01110100010110100011111001001100 
11110110100011111011001110111111 
00110101100101010110000111100010 
11000111100011110010010111010010 
10001010111111001011100010110111 
00000000011010000110001011111111 
11011001000011111001101100010100 
01110000000100010111111001100000 
10111000101100010000100001010010 
01011101110000100110011011000011 
10100101101110101011110011011100 
11011110101010001111111111101011 
00011111111001010110111110110010 
01011011010010000000010000010100 
01110010101110110011111001101110 
11001000100100011010001101101011 
11001011100011101010000011101111 
10111110110111011001110011101110 
10000001100000011010110101001110 
11110101101111010011011100111101 
01101010100011100101110101101010 
00010000011000011111011000111010 
11000000111101110101110111000010 
00010001101011100101110000001001 
11101110011111011110101110001000 
00001010101100110001001100100000 
10001010001000101100011101011100 
11110000100110100101000110110011 
00100010101110100101000111101100 
10000001111010011000101000110000 
11001100010110011010001000100100 
11011010001111111111001010101100 
01010110111100100011011101001011 
00111111100011000000110001100111 
11011111111001011011000011110001 
00011111010111011010101111010110 
00000011010110011100000100001000 
01101001100011000101101110000100 
11110110001011001101000111100110 
11001100110100110011011010010001 
01101100000001010111010010110111 
11011111000111000010110110001100 
01110001000111011000110100011111 
00000111000000110011111011101001 
00010101001011000010101011010100 
11101101011110101110000000011011 
11111011101111100000010000010010 
10110001001110011011100111001010 
11110011110011011111101010001111 
11010000011010110010110001000101 
10010000110011101110101100101011 
01001010101001111001010001001101 
01111010010101001010000111011111 
10000000100011111011000000101001 
00110101010110110101000100001100 
01010000110101001101011000101101 
11100101001111000100110011011011 
01011000001111100011111001001100 
11001110010000000011001110110110 
11011101111101101111111001011111 
11101100001111101101100101101110 
10011001101111011010101110110111 
11011111110001010000000010010110 
00001010110010111001001011101101 
11000010101100010110110110101001 
10100111011010010100101111001001 
00000001110100011110000010001000 
11001110000001111110000011000110 
10101110110000100111111111101101 
01101001011000011111010101001111 
01000110111000111000001011100101 
11000010101011110010011011001100 
10100100100000101100110100011011 
00101100000101110111000100111010 
10111100100001110101000011011101 
01000110010111011010001011100111 
11000010000100011000101101001011 
10011101000011100001000101101101 
11100010100110011100110110111011 
00110010110101001100011011010110 
11100001100111010000110001001111 
11101010111100000011111010110000 
00001101000111001111011001010110 
01010101101001000111000010100111 
11011101001100101001010011101001 
11000010000000011010101111001010 
00010011100100110110000100111100 
11010110011000110001000011100000 
11111100010010100111101011000111 
11110100000100000010011111111110 
00010101011000001000000001110100 
00001001111110110011001111100001 
00101111101110110011011010101111 
00101101001011101010001101101001 
01110111101001010010101000011101 
01100100010110110000110100101011 
10101010100100111000011111011110 
11100001001000000100000100111000 
01000110101000110111101001000001 
10100011111000010101110010101001 
01010010110111011001111001001010 
11111100001001101010111011000001 
11011010100100010100000010010111 
00000000010100101110100110100011 
00101110011110111011111001000101 
11001110001111000110111110101110 
00111010011110100110010011011001 
01101110010111010101011000001111 
01010110001111000110100100011011 
10111010001110110001111011101100 
11011001111001110110101111101011 
10011101000000111000101010110111 
11110001000101000100111100111010 
10110011101101011111101100110010 
01010101100100101111010100000001 
10001101010010101100010111001001 
10000011110010100011110110111001 
11100001100001110010101111010011 
10011100110001100100010101011111 
00111000100101010011111100011011 
10011000000010110101110111100001 
01111000100011011110010100100000 
11111111110001010001110100001111 
11001110000101011001101001000010 
11110101111101010111101101100110 
01000000010011010100110000101010 
01000101010110000001111100001110 
01011100101000101101000111001000 
01111010010110010100010110010010 
01100010111100110010101110111100 
10101011011011111001111101111001 
11110000001111010010001111010011 
00010101001010001011111000101011 
10111111100100101101001000010111 
00111000111001010110110011110010 
11000101001011111101100011100001 
11001111001001101000101001011101 
10001101101010100111010111001100 
00110101111101011011101110100011 
10001011100011111000111101000010 
11001110001001110111011101111100 
00011101100000111011111101001110 
00101000000100111111000111101110 
10001001001001100110101100010101 
01010001111010011011011111111110 
01010100110110010100011100111110 
00100010111111110011111111111010 
00111001001001000111000110010111 
11001011110111011101100001011110 
00111111101000100011110010100010 
01011011001111101111011011111100 
11011100100011010000001011001010 
01110101100101100111110001110111 
11100100001111010111110000011101 
01110111110001111010111100100100 
00100010010111111011001000011010 
10100000001000011010101101101010 
00100010001110110000000100100000 
01101100001101100010101100011111 
00110000001101100111101101111011 
11111001011011001011100111111101 
11000100101001011110110010010111 
11100100000110111010110100111011 
10100010001010000100111011011110 
11011100001111001111101110101101 
10101001100010001100101000111110 
11011100101110110010100111000110 
00001011010110000101010000010110 
00101110100001011101101010011100 
10110110001111100111011001100010 
11000011100011001111010010011010 
00101011100010000011001101001100 
00010100101111100110111110110100 
01111101001110011010001011001010 
01100101001000000110011001100100 
11010011100101001111111101111011 
01100011001011101001101101010111 
00101001111000110001011101110010 
10001001101110110111000101100101 
11010110100000011101011010101110 
00010001001100110101111010101011 
01010110010110010001101101110000 
10100001000111011000101010101010 
01001001101110000000001010001011 
00010011001011001011111111011001 
01010111100000110111001000011011 
01011011000111001000101101111110 
01111101110000100000100010110110 
00010100011110011011111000100111 
00101111010111000111010011011101 
00110010101111101010110101000110 
11101110110001100011101001000110 
11101111001110110101010110101100 
10011011011011010110000000010011 
01011010011111100010000011011001 
10011011000011100111001110011110 
01010101101011010110001010100010 
11110010100111001111101101010111 
10111011011000111001010011011110 
10111100100010101110011111010011 
10100111101010011100110100010101 
00111011011100100011101101011001 
01110011001000111100101100110110 
01101001001011001100101011110101 
00110000001101000000001000100101 
10010100000100011101111001001111 
00001011011000111100100001010111 
00111100000000011001000111100101 
01011110110001000010100111111011 
11101110000101100111101111001000 
11000000011011100000111101100110 
10000101000100111100100010101101 
11011101111111111011111111111011 
00100101011011101010000110111100 
00100101001110101000000010100011 
00001111111010101011100011011101 
01101010111101101000001000000001 
11110100000101011101010000000111 
00100110111111111101100010101010 
10111010110010101001100111011011 
11111100111010010101101000101111 
00000111100011110100001001011101 
11011000011011001000110110110111 
10110101001110110111010101101011 
10100100101111100110010101110000 
01100110010010100011001110001011 
10110001010000111101010110100100 
11011010111001110101111011011110 
11011000101001000110110100011111 
00110111101110100011100111011111 
00110101011000110001011000110100 
01011010010011111101001111000100 
00111001001101110001100111001011 
00110001100001101101000110011000 
11001111011111011100010001111100 
10101110011011111011011011010111 
00010110100001001011111000110000 
10010001011000011110010001100101 
00000101000100010101010010011001 
01010111000000110100101000110000 
01110001110001100110111010101011 
10101110011111011101010011111011 
00001101010111000010001101000101 
11101100110010100010000110011010 
01101110111001101111011110101110 
10000010010111011110100101010000 
11111011111011101010101100101101 
11001001101111010111111000011110 
00100101100010011010101010000010 
11010001110001111000001000010010 
00001000101111100110011001011100 
10110010110100000000001111000010 
11110000000101100011101111100001 
00100100111000011100011001011101 
11101001100001011000001110111001 
00110001100111101101010111110000 
00111101011000101100111100100001 
00111111110101110011010100010010 
10101110000110010011110110101110 
10100000000100010000111000010100 
10101010011001111011001001101000 
01111010101000111111000110110010 
01000110111010010001011101011011 
10101000101010110110101001100111 
11011110010111101101111111000011 
01110111001000001111111001000111 
00011101110010000010111100101100 
10010000000001111001001100001001 
10110000011101100110000110100111 
01011100110110011110100010011110 
10010001110111010011111010001001 
10001000011001101100101001010001 
01110101100101110011010011110000 
01010000011001100111100011110101 
11101001000010010101111110110001 
00111101110001001111101010000011 
10110011011100010101110001101001 
00001001101001011010100000110011 
00101110100111101010110011111110 
00110101111011111100011101001001 
00010110111000000000011001101111 
01011000001011001010111101001101 
00001000011011010111000000111001 
10111100000110100111101001011110 
11110100110110000001100100000010 
00111111110001010101100111111010 
10001110111100001100000010001100 
10101100100001011000101011010011 
01101101000101100010000011001010 
01000000110001110001100001100001 
01101100011110011010011011000000 
11011010001001010100101110101111 
00010000001111111011011111011100 
10100011000101101100001000110001 
00101100000110111000100010000100 
10011101110111101011010101001011 
11111111101011110111111110100110 
11111101001011110101101100011100 
11010101000010110100100111111111 
00100001010010100011100101001110 
10011111011010111000000101011110 
00001011100000001010001100001111 
11010000100111101100000000001010 
01001000101111000010111110110010 
00100000100111111010011001101110 
11111110111110001100010000010101 
10100000000010011010101110100001 
00110100111101000010011000111010 
01111010001101010001100111111111 
00111111100000101000101110101010 
01010100010110110111111111011010 
10010100100001000100010011010010 
10000110110011100010001001000010 
00010011101011101110011110001100 
00010011010010001110100110011010 
11011011101010010001110101010000 
11111010000011101000100100100010 
11100110010011101000010010100101 
00000011010001000110001101101101 
00000110010101111000000111100111 
00001010111110011000000010100100 
00011011000011010010100101101001 
00111001110011011110111011001001 
11110110100100000111101000110010 
00111110110010010010101111101011 
01110001001100011100011101111111 
10111111100010110010100101001110 
10001000101111101111011110010101 
11011000001011101011110100000001 
00000111111111011101110000001110 
11010001111110011011110100000010 
10100101101000011010100111100110 
10011110101001000111100110000010 
00000110101101101000011101100010 
00110110011101100101101001101111 
01000101010011010001001101001010 
11110111101101110000101000101011 
10101111001101110101101100101111 
10010000100011100011011010001011 
11010111111011011000111101001001 
01000111101111000011110001100000 
01000100111010101101010001110111 
01100001111010111001000110011110 
00111101011001111101010101011001 
01110100111101011001111010001110 
00001011001001011101100011101010 
01011000010110001010111100101100 
00100011001001101010001111110011 
00111011000111101110100001100011 
01010100011101100010100110111001 
11111011000110011001010000001101 
11101000110111101110011011000100 
01100111001011101100001100011000 
11011011110001101100000001011101 
11000101010010111011010101101011 
11010000000100111011101000000110 
10101010100010110101011101010001 
10000100011001100111101111010111 
10100010010010111010000100111011 
00111110010110010000101011000100 
01110100000111011110101110100000 
00110000011111010000110101001101 
01001100111111100101010001000100 
01111100000011011000100001000100 
10000001100101011111000000000011 
10001011001100101011100101011101 
01111000011010001100011011010000 
10000000111000010001000110100001 
01010101101110011010010110011000 
01000000001001110111100101010101 
11110011110000010110111011111011 
01100110001101110001101001000011 
11110111001110000101010010000000 
11011011010011101001001011000001 
10111000000011011000111000100110 
00110000101110000110101111011101 
11110111001011100010111110000000 
10111100101101100000110010110010 
01011101101100011101101111000100 
00101100001011101110010010011100 
00101000111101110010011110101110 
11111111111010111111110011010011 
11011100110110111001011111001100 
00001000100011010001100011110010 
00110010001101001011111110100101 
10111001001100100110011010001100 
01100000011101011111100011001001 
10101100111011010001010111101111 
01101100101100001001110000100011 
11101001101010100101001111011010 
11000111011110010010010101000011 
00111111000101001001110100001110 
10100111110001110001001011101111 
01000101010001011011110101001101 
00111111101000010110100101000000 
11100001111110100100101011110001 
11101000111011010111011101001111 
10110010110100000100100100111101 
11101001011000100011001111111110 
11011100000111011000111011100110 
11000010010010101000001111010110 
01011010111011111101100011001011 
00110010101011010111001110101101 
10010010101000111101010010001011 
01110101001111001110100010100000 
00010011110100010000100011110110 
11011100001001100011010110110110 
01101101101100000001111100000100 
11000101101100100111110100001001 
11011000111010001111101010100110 
00101011110111111001101010110111 
00111010110001011011000001010010 
11111110011101110000100101101001 
10001100010000010011010010101100 
01010001101011110011001001111010 
01011100111110101111100011001100 
01010100011100000111111001111010 
11000101100100000101110010111010 
10110101100011101111001011011011 
00001000011101000101110010101111 
10011111001110001101010110110001 
11010110100001101001000000010001 
01000010011110110001010110111100 
10101010100010100110000010001010 
11001010000011101000011111101011 
11011101010010101000111100100001 
00110001010110010011111010111001 
11111111000011011101111011110001 
01101110011100000011110100011101 
00100111110011000000010101010101 
10000011111010010011110111010000 
11001001000000111101101001010111 
00011011001001000001011000111000 
00101011110100001010110101111101 
11000001100110010110011111111011 
