11001110101101010111101010000001
11011110110100010011110001101011
11111110011011001010001101010100
11010000101110100111010110110000
00000001001111010101001000110011
00101001000000001010110110011110
10110011111111010111110110001110
10000101101100001010110000111111
00000011101110110001001000000001
01101001010111110101001101111111
01100000100110001000111111110110
01001011000010100111100111011111
10111111010111010100111010011000
01101111111000001001000011100011
11110110101111001000110111111110
00001001000011111010110111010110
10001000100100011101011110110100
10101111001001100000111010101111
00011000111001000010101011000101
00010110100011011011101111111011
11011111000101010101110000100001
01010111011011010101000101011001
01001011011001100100111101101010
01000101101101101000011101110001
11101010110000010100010101110101
10010001000100000100111110110010
01100110101001111010100010011010
11010011000001000010101110000010
11111111000011111011100101010011
01000010100101111011111101100110
11100000001110100100111000110110
11010110011110011001111100000110
